0.000000 0.066372 0.131004 0.192308 0.248963 0.300000 0.344828 0.383212 0.415225 0.441176 0.461538 0.476879 0.487805 0.494924 0.498812 0.500000 0.498960 
0.000000 0.058366 0.115385 0.169811 0.220588 0.266904 0.308219 0.344262 0.375000 0.400593 0.421348 0.437666 0.450000 0.458824 0.464602 0.467775 0.468750 
0.000000 0.051724 0.102389 0.151007 0.196721 0.238854 0.276923 0.310651 0.339943 0.364865 0.385604 0.402439 0.415704 0.425764 0.432990 0.437743 0.440367 
0.000000 0.046154 0.091463 0.135135 0.176471 0.214900 0.250000 0.281501 0.309278 0.333333 0.353774 0.370787 0.384615 0.395538 0.403846 0.409836 0.413793 
0.000000 0.041436 0.082192 0.121622 0.159151 0.194301 0.226700 0.256098 0.282353 0.305430 0.325380 0.342324 0.356436 0.367925 0.377020 0.383959 0.388979 
0.000000 0.037406 0.074257 0.110024 0.144231 0.176471 0.206422 0.233853 0.258621 0.280665 0.300000 0.316699 0.330882 0.342707 0.352349 0.360000 0.365854 
0.000000 0.033937 0.067416 0.100000 0.131291 0.160944 0.188679 0.214286 0.237624 0.258621 0.277264 0.293594 0.307692 0.319672 0.329670 0.337838 0.344333 
0.000000 0.030928 0.061475 0.091278 0.120000 0.147348 0.173077 0.196998 0.218978 0.238938 0.256849 0.272727 0.286624 0.298622 0.308824 0.317348 0.324324 
0.000000 0.028302 0.056285 0.083643 0.110092 0.135379 0.159292 0.181661 0.202361 0.221311 0.238474 0.253846 0.267459 0.279370 0.289655 0.298408 0.305732 
0.000000 0.025997 0.051724 0.076923 0.101351 0.124792 0.147059 0.168000 0.187500 0.205479 0.221893 0.236729 0.250000 0.261745 0.272021 0.280899 0.288462 
0.000000 0.023962 0.047695 0.070978 0.093604 0.115385 0.136157 0.155786 0.174165 0.191218 0.206897 0.221180 0.234070 0.245592 0.255786 0.264706 0.272418 
0.000000 0.022157 0.044118 0.065693 0.086705 0.106990 0.126404 0.144828 0.162162 0.178336 0.193299 0.207026 0.219512 0.230769 0.240826 0.249723 0.257511 
0.000000 0.020548 0.040928 0.060976 0.080537 0.099469 0.117647 0.134961 0.151324 0.166667 0.180941 0.194118 0.206186 0.217149 0.227027 0.235849 0.243655 
0.000000 0.019108 0.038071 0.056747 0.075000 0.092707 0.109756 0.126050 0.141509 0.156069 0.169683 0.182320 0.193966 0.204617 0.214286 0.222993 0.230769 
0.000000 0.017815 0.035503 0.052941 0.070012 0.086605 0.102623 0.117978 0.132597 0.146421 0.159405 0.171518 0.182741 0.193069 0.202507 0.211069 0.218778 
0.000000 0.016648 0.033186 0.049505 0.065502 0.081081 0.096154 0.110643 0.124481 0.137615 0.150000 0.161606 0.172414 0.182413 0.191606 0.200000 0.207612 
0.000000 0.015593 0.031088 0.046392 0.061412 0.076065 0.090271 0.103960 0.117073 0.129559 0.141376 0.152495 0.162896 0.172566 0.181504 0.189713 0.197206 
