0.000000 0.004285 0.009626 0.017466 0.030281 0.052965 0.009626 0.017466 0.030281 0.052965 0.095811 0.000000 0.030281 0.052965 0.095811 0.179753 0.000000 
0.000000 0.009357 0.020848 0.037160 0.062266 0.102573 0.020848 0.037160 0.062266 0.102573 0.168817 0.279354 0.062266 0.102573 0.168817 0.279354 0.467775 
0.000000 0.012295 0.027249 0.048060 0.079051 0.126244 0.027249 0.048060 0.079051 0.126244 0.197528 0.301072 0.079051 0.126244 0.197528 0.301072 0.437743 
0.000000 0.012576 0.027793 0.048778 0.079635 0.125826 0.027793 0.048778 0.079635 0.125826 0.193979 0.289663 0.079635 0.125826 0.193979 0.289663 0.409836 
0.000000 0.010214 0.022568 0.039626 0.064884 0.103444 0.022568 0.039626 0.064884 0.103444 0.162898 0.253765 0.064884 0.103444 0.162898 0.253765 0.383959 
0.000000 0.005713 0.012639 0.022274 0.036832 0.060170 0.012639 0.022274 0.036832 0.060170 0.100402 0.178542 0.036832 0.060170 0.100402 0.178542 0.360000 
0.000000 0.004285 0.009626 0.017466 0.030281 0.052965 0.009626 0.017466 0.030281 0.052965 0.095811 0.179753 0.030281 0.052965 0.095811 0.179753 0.337838 
0.000000 0.005801 0.012916 0.023036 0.038838 0.065289 0.012916 0.023036 0.038838 0.065289 0.113054 0.178542 0.038838 0.065289 0.113054 0.197599 0.317348 
0.000000 0.006280 0.014048 0.025208 0.042626 0.070958 0.014048 0.025208 0.042626 0.070958 0.117692 0.192894 0.042626 0.070958 0.117692 0.192894 0.298408 
0.000000 0.005357 0.012067 0.021884 0.037505 0.063344 0.012067 0.021884 0.037505 0.063344 0.106514 0.176935 0.037505 0.063344 0.106514 0.176935 0.280899 
0.000000 0.003084 0.006977 0.012756 0.022165 0.038399 0.006977 0.012756 0.022165 0.038399 0.068086 0.127432 0.022165 0.038399 0.068086 0.127432 0.264706 
0.000000 0.000000 0.000000 0.000000 0.000000 0.000000 0.000000 0.000000 0.000000 0.000000 0.000000 0.000000 0.000000 0.000000 0.000000 0.000000 0.000000 
0.000000 0.004208 0.009303 0.016484 0.027730 0.046744 0.010611 0.018473 0.029694 0.048007 0.081351 0.127432 0.031240 0.049516 0.082311 0.142601 0.235849 
0.000000 0.008058 0.017259 0.029110 0.045902 0.071130 0.022489 0.037067 0.053758 0.076179 0.109447 0.159647 0.059942 0.082217 0.113289 0.159647 0.222993 
0.000000 0.011889 0.024890 0.040522 0.061204 0.090772 0.037856 0.059263 0.079621 0.103115 0.133873 0.174875 0.094215 0.117238 0.143207 0.174875 0.211069 
0.000000 0.014607 0.029892 0.046884 0.067618 0.096882 0.057781 0.082509 0.102349 0.122784 0.148058 0.185575 0.130177 0.149314 0.167425 0.185575 0.200000 
0.000000 0.016648 0.033186 0.049505 0.065502 0.081081 0.096154 0.110643 0.124481 0.137615 0.150000 0.000000 0.172414 0.182413 0.191606 0.200000 0.000000 
