0.000000 0.032225 0.064249 0.095876 0.126919 0.157201 0.186560 0.214851 0.241951 0.267754 0.292177 0.315157 0.336652 0.356637 0.375108 0.392074 0.407560 0.421600 0.434241 0.445537 0.455547 0.464337 0.471972 0.478523 0.484060 0.488651 0.492364 0.495266 0.497421 0.498890 0.499731 0.500000 0.000000 
0.000000 0.030245 0.060314 0.090033 0.119235 0.147764 0.175476 0.202240 0.227943 0.252489 0.275798 0.297811 0.318483 0.337788 0.355716 0.372269 0.387464 0.401326 0.413891 0.425204 0.435314 0.444276 0.452147 0.458987 0.464858 0.469820 0.473934 0.477260 0.479856 0.481779 0.483087 0.483841 0.484131 
0.000000 0.028443 0.056729 0.084705 0.112224 0.139145 0.165340 0.190690 0.215093 0.238460 0.260716 0.281804 0.301681 0.320317 0.337699 0.353824 0.368700 0.382348 0.394794 0.406074 0.416230 0.425306 0.433353 0.440421 0.446565 0.451837 0.456292 0.459984 0.462964 0.465285 0.466996 0.468146 0.468780 
0.000000 0.026796 0.053454 0.079836 0.105811 0.131253 0.156048 0.180088 0.203280 0.225541 0.246803 0.267010 0.286119 0.304102 0.320939 0.336626 0.351165 0.364571 0.376863 0.388070 0.398225 0.407367 0.415537 0.422780 0.429142 0.434671 0.439414 0.443419 0.446732 0.449399 0.451465 0.452968 0.453944 
0.000000 0.025289 0.050454 0.075373 0.099929 0.124010 0.147510 0.170335 0.192397 0.213622 0.233944 0.253312 0.271685 0.289031 0.305331 0.320576 0.334765 0.347907 0.360017 0.371117 0.381233 0.390399 0.398648 0.406020 0.412554 0.418292 0.423275 0.427546 0.431146 0.434116 0.436495 0.438318 0.439616 
0.000000 0.023905 0.047699 0.071274 0.094523 0.117347 0.139649 0.161344 0.182352 0.202604 0.222041 0.240612 0.258277 0.275006 0.290778 0.305582 0.319413 0.332276 0.344182 0.355147 0.365193 0.374347 0.382638 0.390098 0.396762 0.402666 0.407848 0.412344 0.416191 0.419425 0.422081 0.424192 0.425786 
0.000000 0.022632 0.045165 0.067501 0.089544 0.111204 0.132396 0.153040 0.173063 0.192403 0.211003 0.228817 0.245805 0.261938 0.277194 0.291560 0.305029 0.317603 0.329288 0.340097 0.350047 0.359159 0.367458 0.374972 0.381730 0.387764 0.393107 0.397790 0.401848 0.405312 0.408213 0.410582 0.412446 
0.000000 0.021459 0.042828 0.064019 0.084948 0.105531 0.125691 0.145355 0.164459 0.182942 0.200753 0.217848 0.234189 0.249747 0.264501 0.278435 0.291542 0.303819 0.315271 0.325906 0.335738 0.344783 0.353063 0.360601 0.367422 0.373554 0.379025 0.383863 0.388099 0.391761 0.394878 0.397477 0.399584 
0.000000 0.020374 0.040668 0.060801 0.080697 0.100280 0.119481 0.138233 0.156475 0.174154 0.191220 0.207632 0.223355 0.238361 0.252627 0.266138 0.278884 0.290861 0.302071 0.312519 0.322215 0.331174 0.339412 0.346948 0.353805 0.360006 0.365575 0.370540 0.374924 0.378756 0.382060 0.384862 0.387188 
0.000000 0.019371 0.038669 0.057822 0.076759 0.095413 0.113720 0.131620 0.149056 0.165978 0.182341 0.198107 0.213241 0.227715 0.241509 0.254606 0.266996 0.278672 0.289633 0.299884 0.309432 0.318286 0.326462 0.333974 0.340843 0.347089 0.352732 0.357795 0.362303 0.366278 0.369744 0.372725 0.375244 
0.000000 0.018440 0.036815 0.055057 0.073104 0.090894 0.108368 0.125470 0.142150 0.158361 0.174061 0.189213 0.203785 0.217751 0.231089 0.243783 0.255821 0.267197 0.277907 0.287954 0.297341 0.306078 0.314175 0.321646 0.328506 0.334774 0.340468 0.345607 0.350214 0.354309 0.357914 0.361050 0.363740 
0.000000 0.017576 0.035092 0.052489 0.069707 0.086691 0.103386 0.119743 0.135714 0.151256 0.166329 0.180899 0.194936 0.208415 0.221313 0.233616 0.245310 0.256388 0.266845 0.276682 0.285901 0.294509 0.302514 0.309927 0.316762 0.323033 0.328758 0.333953 0.338637 0.342831 0.346552 0.349822 0.000000 
0.000000 0.016773 0.033490 0.050098 0.066544 0.082776 0.098745 0.114403 0.129709 0.144620 0.159102 0.173120 0.186648 0.199659 0.212135 0.224058 0.235416 0.246200 0.256405 0.266030 0.275075 0.283545 0.291446 0.298788 0.305582 0.311841 0.317578 0.322810 0.327553 0.331824 0.335642 0.339026 0.341993 
0.000000 0.016024 0.031997 0.047871 0.063596 0.079125 0.094413 0.109417 0.124097 0.138415 0.152337 0.165833 0.178875 0.191441 0.203510 0.215066 0.226096 0.236592 0.246546 0.255957 0.264824 0.273149 0.280938 0.288198 0.294938 0.301169 0.306904 0.312155 0.316939 0.321271 0.325167 0.328645 0.331722 
0.000000 0.015325 0.030604 0.045792 0.060844 0.075715 0.090366 0.104756 0.118847 0.132605 0.145999 0.158999 0.171580 0.183720 0.195398 0.206600 0.217312 0.227525 0.237232 0.246429 0.255115 0.263291 0.270960 0.278129 0.284804 0.290995 0.296713 0.301969 0.306778 0.311154 0.315111 0.318666 0.321835 
0.000000 0.014673 0.029303 0.043850 0.058271 0.072528 0.086580 0.100393 0.113931 0.127162 0.140056 0.152586 0.164728 0.176460 0.187764 0.198624 0.209028 0.218965 0.228428 0.237413 0.245916 0.253939 0.261483 0.268553 0.275154 0.281294 0.286983 0.292231 0.297051 0.301455 0.305457 0.309073 0.312317 
0.000000 0.014063 0.028086 0.042033 0.055864 0.069543 0.083035 0.096306 0.109322 0.122055 0.134477 0.146561 0.158285 0.169629 0.180574 0.191106 0.201211 0.210880 0.220104 0.228878 0.237200 0.245067 0.252482 0.259446 0.265965 0.272046 0.277695 0.282923 0.287740 0.292158 0.296190 0.299851 0.303155 
0.000000 0.013491 0.026947 0.040331 0.053609 0.066747 0.079712 0.092472 0.104998 0.117261 0.129235 0.140897 0.152224 0.163197 0.173799 0.184015 0.193832 0.203239 0.212230 0.220797 0.228937 0.236649 0.243931 0.250785 0.257216 0.263228 0.268829 0.274025 0.278827 0.283247 0.287295 0.290986 0.294334 
0.000000 0.012956 0.025879 0.038736 0.051495 0.064125 0.076594 0.088874 0.100937 0.112756 0.124308 0.135568 0.146518 0.157138 0.167411 0.177323 0.186862 0.196017 0.204780 0.213144 0.221105 0.228660 0.235808 0.242549 0.248886 0.254824 0.260366 0.265522 0.270298 0.274706 0.278758 0.282465 0.285842 
0.000000 0.012454 0.024877 0.037239 0.049511 0.061662 0.073666 0.085493 0.097120 0.108520 0.119671 0.130552 0.141142 0.151425 0.161385 0.171006 0.180277 0.189188 0.197730 0.205895 0.213680 0.221079 0.228092 0.234718 0.240957 0.246814 0.252292 0.257398 0.262138 0.266523 0.270564 0.274274 0.277665 
0.000000 0.011982 0.023936 0.035834 0.047647 0.059349 0.070913 0.082315 0.093529 0.104533 0.115305 0.125825 0.136075 0.146037 0.155697 0.165040 0.174054 0.182729 0.191056 0.199028 0.206639 0.213886 0.220764 0.227272 0.233412 0.239184 0.244591 0.249639 0.254334 0.258685 0.262703 0.266401 0.269792 
0.000000 0.011539 0.023052 0.034512 0.045894 0.057173 0.068324 0.079324 0.090149 0.100779 0.111192 0.121371 0.131296 0.140953 0.150326 0.159403 0.168170 0.176618 0.184738 0.192523 0.199965 0.207061 0.213805 0.220197 0.226234 0.231918 0.237249 0.242233 0.246873 0.251180 0.255162 0.258834 0.262210 
0.000000 0.011122 0.022220 0.033269 0.044245 0.055126 0.065887 0.076507 0.086965 0.097241 0.107315 0.117169 0.126787 0.136153 0.145253 0.154075 0.162606 0.170836 0.178757 0.186360 0.193639 0.200587 0.207201 0.213476 0.219411 0.225005 0.230257 0.235169 0.239748 0.243998 0.247932 0.251563 0.254907 
0.000000 0.010730 0.021437 0.032099 0.042693 0.053197 0.063591 0.073853 0.083964 0.093905 0.103657 0.113204 0.122530 0.131620 0.140460 0.149038 0.157343 0.165365 0.173094 0.180522 0.187643 0.194449 0.200935 0.207097 0.212931 0.218433 0.223604 0.228441 0.232949 0.237134 0.241005 0.244578 0.247872 
0.000000 0.010360 0.020699 0.030996 0.041230 0.051380 0.061427 0.071352 0.081134 0.090758 0.100206 0.109461 0.118509 0.127336 0.135929 0.144276 0.152365 0.160187 0.167732 0.174993 0.181961 0.188631 0.194994 0.201046 0.206781 0.212195 0.217283 0.222043 0.226475 0.230583 0.234377 0.237873 0.241094 
0.000000 0.010012 0.020004 0.029957 0.039851 0.049667 0.059386 0.068991 0.078464 0.087788 0.096947 0.105926 0.114710 0.123288 0.131645 0.139771 0.147654 0.155285 0.162656 0.169757 0.176580 0.183119 0.189365 0.195313 0.200954 0.206282 0.211291 0.215973 0.220325 0.224347 0.228047 0.231442 0.234562 
0.000000 0.009684 0.019349 0.028977 0.038550 0.048050 0.057461 0.066763 0.075943 0.084983 0.093868 0.102585 0.111120 0.119460 0.127593 0.135508 0.143196 0.150646 0.157849 0.164798 0.171484 0.177899 0.184036 0.189886 0.195440 0.200690 0.205625 0.210233 0.214505 0.218434 0.222022 0.225286 0.228266 
0.000000 0.009374 0.018730 0.028052 0.037322 0.046524 0.055642 0.064659 0.073561 0.082332 0.090959 0.099427 0.107724 0.115839 0.123759 0.131475 0.138976 0.146253 0.153298 0.160103 0.166659 0.172958 0.178993 0.184754 0.190232 0.195413 0.200285 0.204830 0.209028 0.212862 0.216320 0.219415 0.222197 
0.000000 0.009081 0.018146 0.027178 0.036162 0.045083 0.053924 0.062671 0.071310 0.079827 0.088207 0.096440 0.104512 0.112412 0.120130 0.127656 0.134980 0.142093 0.148988 0.155656 0.162091 0.168283 0.174225 0.179907 0.185319 0.190447 0.195273 0.199773 0.203916 0.207665 0.210983 0.213856 0.216344 
0.000000 0.008804 0.017594 0.026353 0.035067 0.043721 0.052301 0.060792 0.069182 0.077457 0.085605 0.093613 0.101471 0.109168 0.116694 0.124039 0.131194 0.138152 0.144905 0.151445 0.157765 0.163858 0.169716 0.175330 0.180691 0.185783 0.190586 0.195073 0.199199 0.202900 0.206090 0.208683 0.210699 
0.000000 0.008543 0.017072 0.025573 0.034031 0.042433 0.050765 0.059015 0.067169 0.075215 0.083142 0.090938 0.098592 0.106096 0.113438 0.120611 0.127606 0.134416 0.141034 0.147453 0.153666 0.159668 0.165451 0.171008 0.176331 0.181407 0.186217 0.190734 0.194906 0.198646 0.201795 0.204086 0.205254 
0.000000 0.008296 0.016579 0.024835 0.033051 0.041215 0.049313 0.057333 0.065264 0.073093 0.080810 0.088404 0.095865 0.103184 0.110352 0.117362 0.124204 0.130873 0.137363 0.143667 0.149779 0.155696 0.161412 0.166921 0.172219 0.177296 0.182143 0.186738 0.191046 0.194984 0.198357 0.200611 0.200000 
0.000000 0.008062 0.016112 0.024137 0.032124 0.040062 0.047938 0.055741 0.063460 0.071083 0.078600 0.086003 0.093280 0.100424 0.107426 0.114279 0.120976 0.127510 0.133877 0.140071 0.146089 0.151925 0.157579 0.163046 0.168326 0.173417 0.178319 0.183031 0.187554 0.191889 0.196037 0.200000 0.000000 
