0.000000 0.032225 0.064249 0.095876 0.126919 0.157201 0.186560 0.214851 0.241951 0.267754 0.292177 0.315157 0.336652 0.356637 0.375108 0.392074 0.407560 0.421600 0.434241 0.445537 0.455547 0.464337 0.471972 0.478523 0.484060 0.488651 0.492364 0.495266 0.497421 0.498890 0.499731 0.500000 0.499748 
0.000000 0.030244 0.060311 0.090029 0.119231 0.147760 0.175472 0.202237 0.227941 0.252489 0.275801 0.297817 0.318493 0.337804 0.355738 0.372298 0.387500 0.401371 0.413947 0.425271 0.435393 0.444369 0.452255 0.459111 0.465000 0.469982 0.474118 0.477467 0.480088 0.482038 0.483368 0.484131 0.484375 
0.000000 0.028440 0.056725 0.084699 0.112217 0.139138 0.165333 0.190685 0.215091 0.238462 0.260723 0.281818 0.301703 0.320350 0.337743 0.353881 0.368773 0.382438 0.394904 0.406207 0.416387 0.425490 0.433566 0.440667 0.446847 0.452159 0.456657 0.460396 0.463428 0.465803 0.467572 0.468780 0.469475 
0.000000 0.026793 0.053448 0.079828 0.105802 0.131245 0.156040 0.180083 0.203279 0.225546 0.246815 0.267032 0.286154 0.304151 0.321006 0.336713 0.351275 0.364706 0.377027 0.388266 0.398458 0.407639 0.415854 0.423145 0.429561 0.435149 0.439956 0.444032 0.447423 0.450175 0.452335 0.453944 0.455046 
0.000000 0.025285 0.050448 0.075365 0.099919 0.124000 0.147502 0.170330 0.192397 0.213629 0.233962 0.253343 0.271731 0.289096 0.305419 0.320690 0.334909 0.348085 0.360232 0.371375 0.381538 0.390756 0.399064 0.406499 0.413104 0.418919 0.423987 0.428352 0.432056 0.435140 0.437647 0.439616 0.441085 
0.000000 0.023901 0.047692 0.071264 0.094512 0.117335 0.139640 0.161338 0.182353 0.202614 0.222063 0.240649 0.258333 0.275085 0.290885 0.305720 0.319588 0.332492 0.344444 0.355462 0.365566 0.374784 0.383146 0.390685 0.397436 0.403436 0.408722 0.413333 0.417308 0.420683 0.423497 0.425786 0.427586 
0.000000 0.022628 0.045157 0.067489 0.089531 0.111191 0.132384 0.153032 0.173064 0.192414 0.211028 0.228859 0.245869 0.262029 0.277316 0.291719 0.305231 0.317853 0.329592 0.340462 0.350480 0.359669 0.368052 0.375659 0.382519 0.388666 0.394132 0.398951 0.403158 0.406787 0.409872 0.412446 0.414542 
0.000000 0.021453 0.042818 0.064006 0.084932 0.105514 0.125676 0.145345 0.164456 0.182951 0.200777 0.217891 0.234257 0.249845 0.264634 0.278610 0.291765 0.304097 0.315611 0.326316 0.336226 0.345358 0.353734 0.361379 0.368317 0.374577 0.380189 0.385182 0.389587 0.393435 0.396758 0.399584 0.401945 
0.000000 0.020368 0.040656 0.060784 0.080677 0.100259 0.119461 0.138217 0.156467 0.174157 0.191240 0.207674 0.223423 0.238462 0.252766 0.266323 0.279122 0.291160 0.302439 0.312965 0.322749 0.331804 0.340150 0.347805 0.354793 0.361137 0.366864 0.372000 0.376573 0.380610 0.384139 0.387188 0.389784 
0.000000 0.019363 0.038653 0.057800 0.076733 0.095385 0.113692 0.131595 0.149038 0.165973 0.182353 0.198141 0.213303 0.227812 0.241648 0.254795 0.267241 0.278984 0.290021 0.300357 0.310000 0.318961 0.327255 0.334899 0.341912 0.348315 0.354130 0.359382 0.364094 0.368292 0.372000 0.375244 0.378049 
0.000000 0.018430 0.036795 0.055030 0.073070 0.090856 0.108328 0.125434 0.142120 0.158343 0.174060 0.189234 0.203836 0.217838 0.231220 0.243966 0.256066 0.267513 0.278304 0.288443 0.297934 0.306786 0.315012 0.322624 0.329641 0.336080 0.341960 0.347303 0.352130 0.356463 0.360325 0.363740 0.366728 
0.000000 0.017564 0.035068 0.052453 0.069663 0.086641 0.103333 0.119691 0.135667 0.151220 0.166309 0.180902 0.194969 0.208484 0.221429 0.233786 0.245545 0.256698 0.267241 0.277176 0.286506 0.295238 0.303381 0.310946 0.317949 0.324404 0.330328 0.335740 0.340659 0.345106 0.349099 0.352661 0.355811 
0.000000 0.016757 0.033459 0.050054 0.066488 0.082711 0.098674 0.114331 0.129639 0.144560 0.159056 0.173096 0.186653 0.199703 0.212225 0.224204 0.235629 0.246492 0.256788 0.266516 0.275678 0.284279 0.292327 0.299832 0.306804 0.313258 0.319208 0.324670 0.329662 0.334201 0.338305 0.341993 0.345284 
0.000000 0.016004 0.031959 0.047815 0.063525 0.079041 0.094320 0.109320 0.124000 0.138324 0.152259 0.165775 0.178846 0.191449 0.203565 0.215178 0.226277 0.236854 0.246903 0.256421 0.265411 0.273875 0.281818 0.289249 0.296178 0.302616 0.308576 0.314071 0.319118 0.323731 0.327927 0.331722 0.335135 
0.000000 0.015301 0.030557 0.045723 0.060755 0.075610 0.090247 0.104629 0.118717 0.132479 0.145882 0.158900 0.171508 0.183683 0.195407 0.206667 0.217448 0.227744 0.237548 0.246857 0.255670 0.263990 0.271821 0.279170 0.286044 0.292453 0.298408 0.303922 0.309007 0.313678 0.317949 0.321835 0.325353 
0.000000 0.014643 0.029245 0.043765 0.058161 0.072396 0.086431 0.100231 0.113761 0.126991 0.139892 0.152436 0.164602 0.176368 0.187716 0.198633 0.209106 0.219127 0.228689 0.237788 0.246423 0.254595 0.262308 0.269565 0.276374 0.282744 0.288682 0.294200 0.299310 0.304024 0.308355 0.312317 0.315924 
0.000000 0.014027 0.028016 0.041930 0.055730 0.069382 0.082851 0.096103 0.109107 0.121834 0.134257 0.146352 0.158096 0.169470 0.180457 0.191044 0.201217 0.210969 0.220292 0.229183 0.237639 0.245660 0.253249 0.260409 0.267145 0.273465 0.279376 0.284888 0.290010 0.294754 0.299132 0.303155 0.306836 
0.000000 0.013449 0.026863 0.040208 0.053448 0.066552 0.079487 0.092223 0.104730 0.116981 0.128952 0.140619 0.151961 0.162960 0.173600 0.183867 0.193750 0.203239 0.212329 0.221013 0.229290 0.237158 0.244620 0.251677 0.258333 0.264595 0.270470 0.275964 0.281088 0.285851 0.290262 0.294334 0.298077 
0.000000 0.012906 0.025780 0.038589 0.051303 0.063891 0.076323 0.088571 0.100609 0.112409 0.123950 0.135210 0.146169 0.156809 0.167116 0.177075 0.186677 0.195911 0.204771 0.213251 0.221350 0.229064 0.236395 0.243345 0.249916 0.256114 0.261943 0.267412 0.272527 0.277298 0.281733 0.285842 0.289635 
0.000000 0.012395 0.024760 0.037067 0.049285 0.061386 0.073344 0.085131 0.096724 0.108098 0.119231 0.130103 0.140696 0.150993 0.160979 0.170642 0.179971 0.188957 0.197592 0.205872 0.213793 0.221353 0.228552 0.235391 0.241873 0.248000 0.253778 0.259213 0.264312 0.269081 0.273529 0.277665 0.281498 
0.000000 0.011914 0.023800 0.035632 0.047382 0.059025 0.070535 0.081887 0.093058 0.104027 0.114772 0.125276 0.135519 0.145487 0.155166 0.164544 0.173609 0.182353 0.190769 0.198852 0.206598 0.214004 0.221070 0.227796 0.234183 0.240236 0.245957 0.251351 0.256425 0.261185 0.265638 0.269792 0.273655 
0.000000 0.011460 0.022895 0.034279 0.045588 0.056797 0.067883 0.078823 0.089595 0.100180 0.110556 0.120708 0.130618 0.140271 0.149655 0.158757 0.167568 0.176078 0.184280 0.192170 0.199742 0.206995 0.213927 0.220538 0.226829 0.232803 0.238462 0.243810 0.248853 0.253597 0.258047 0.262210 0.266094 
0.000000 0.011032 0.022041 0.033002 0.043894 0.054693 0.065378 0.075927 0.086321 0.096540 0.106566 0.116382 0.125974 0.135326 0.144426 0.153263 0.161827 0.170110 0.178104 0.185804 0.193207 0.200308 0.207106 0.213601 0.219793 0.225684 0.231277 0.236574 0.241581 0.246301 0.250741 0.254907 0.258805 
0.000000 0.010627 0.021233 0.031795 0.042292 0.052703 0.063008 0.073187 0.083221 0.093093 0.102785 0.112282 0.121569 0.130632 0.139460 0.148042 0.156368 0.164431 0.172222 0.179738 0.186972 0.193923 0.200588 0.206967 0.213058 0.218865 0.224388 0.229630 0.234595 0.239287 0.243711 0.247872 0.251777 
0.000000 0.010245 0.020469 0.030653 0.040776 0.050820 0.060764 0.070592 0.080285 0.089826 0.099200 0.108392 0.117387 0.126174 0.134741 0.143077 0.151173 0.159022 0.166617 0.173952 0.181022 0.187825 0.194357 0.200619 0.206609 0.212329 0.217779 0.222962 0.227881 0.232540 0.236943 0.241094 0.244999 
0.000000 0.009882 0.019745 0.029571 0.039340 0.049035 0.058638 0.068132 0.077500 0.086727 0.095797 0.104698 0.113415 0.121936 0.130252 0.138352 0.146226 0.153869 0.161272 0.168430 0.175339 0.181996 0.188398 0.194543 0.200431 0.206062 0.211438 0.216559 0.221429 0.226050 0.230426 0.234562 0.238462 
0.000000 0.009538 0.019059 0.028545 0.037979 0.047343 0.056621 0.065797 0.074857 0.083784 0.092565 0.101187 0.109637 0.117905 0.125980 0.133851 0.141512 0.148954 0.156171 0.163158 0.169910 0.176423 0.182695 0.188724 0.194510 0.200052 0.205350 0.210407 0.215224 0.219804 0.224150 0.228266 0.232155 
0.000000 0.009212 0.018409 0.027572 0.036686 0.045736 0.054706 0.063580 0.072345 0.080987 0.089492 0.097848 0.106043 0.114067 0.121910 0.129563 0.137017 0.144265 0.151302 0.158121 0.164718 0.171091 0.177235 0.183149 0.188832 0.194284 0.199505 0.204495 0.209257 0.213793 0.218105 0.222197 0.226071 
0.000000 0.008903 0.017791 0.026648 0.035459 0.044210 0.052886 0.061473 0.069958 0.078327 0.086568 0.094670 0.102621 0.110411 0.118031 0.125472 0.132727 0.139788 0.146649 0.153306 0.159753 0.165987 0.172005 0.177805 0.183387 0.188748 0.193890 0.198812 0.203517 0.208006 0.212280 0.216344 0.220200 
0.000000 0.008609 0.017203 0.025769 0.034292 0.042759 0.051155 0.059468 0.067686 0.075795 0.083784 0.091642 0.099359 0.106925 0.114331 0.121569 0.128631 0.135510 0.142202 0.148700 0.155000 0.161099 0.166993 0.172681 0.178161 0.183432 0.188494 0.193347 0.197993 0.202432 0.206667 0.210699 0.214533 
0.000000 0.008329 0.016644 0.024933 0.033182 0.041377 0.049508 0.057560 0.065522 0.073382 0.081131 0.088756 0.096248 0.103599 0.110799 0.117841 0.124717 0.131421 0.137948 0.144292 0.150449 0.156415 0.162188 0.167765 0.173144 0.178325 0.183307 0.188090 0.192675 0.197063 0.201255 0.205254 0.209062 
0.000000 0.008062 0.016112 0.024137 0.032124 0.040062 0.047938 0.055741 0.063460 0.071083 0.078600 0.086003 0.093280 0.100424 0.107426 0.114279 0.120976 0.127510 0.133877 0.140071 0.146089 0.151925 0.157579 0.163046 0.168326 0.173417 0.178319 0.183031 0.187554 0.191889 0.196037 0.200000 0.203780 
0.000000 0.007809 0.015605 0.023379 0.031117 0.038808 0.046442 0.054007 0.061493 0.068889 0.076186 0.083374 0.090445 0.097390 0.104202 0.110873 0.117396 0.123767 0.129979 0.136028 0.141909 0.147619 0.153155 0.158515 0.163696 0.168698 0.173520 0.178161 0.182622 0.186902 0.191004 0.194929 0.198678 
