0.000000 0.066372 0.131004 0.192308 0.248963 0.300000 0.344828 0.383212 0.415225 0.441176 0.461538 0.476879 0.487805 0.494924 0.498812 0.500000 0.000000 
0.000000 0.058393 0.115434 0.169873 0.220651 0.266953 0.308238 0.344236 0.374911 0.400426 0.421084 0.437286 0.449485 0.458154 0.463766 0.466794 0.467775 
0.000000 0.051766 0.102464 0.151101 0.196815 0.238921 0.276938 0.310582 0.339759 0.364532 0.385086 0.401696 0.414695 0.424442 0.431304 0.435635 0.437743 
0.000000 0.046206 0.091557 0.135253 0.176586 0.214981 0.250009 0.281396 0.309012 0.332857 0.353031 0.369719 0.383157 0.393615 0.401372 0.406701 0.409836 
0.000000 0.041499 0.082307 0.121767 0.159297 0.194408 0.226723 0.255981 0.282039 0.304852 0.324465 0.340993 0.354601 0.365488 0.373869 0.379960 0.383959 
0.000000 0.037485 0.074403 0.110213 0.144428 0.176632 0.206493 0.233770 0.258311 0.280048 0.298985 0.315187 0.328766 0.339867 0.348657 0.355310 0.360000 
0.000000 0.034039 0.067607 0.100255 0.131571 0.161200 0.188848 0.214295 0.237388 0.258045 0.276241 0.292005 0.305410 0.316559 0.325582 0.332624 0.337838 
0.000000 0.031063 0.061733 0.091629 0.120403 0.147749 0.173406 0.197174 0.218904 0.238503 0.255930 0.271185 0.284310 0.295378 0.304490 0.311767 0.317348 
0.000000 0.028482 0.056631 0.084126 0.110666 0.135986 0.159857 0.182092 0.202552 0.221137 0.237791 0.252496 0.265267 0.276153 0.285232 0.292608 0.298408 
0.000000 0.026235 0.052186 0.077577 0.102151 0.125674 0.147943 0.168789 0.188076 0.205703 0.221603 0.235741 0.248111 0.258738 0.267678 0.275023 0.280899 
0.000000 0.024272 0.048300 0.071846 0.094686 0.116617 0.137455 0.157046 0.175260 0.191997 0.207179 0.220756 0.232699 0.243009 0.251719 0.258907 0.264706 
0.000000 0.022554 0.044896 0.066821 0.088133 0.108652 0.128215 0.146680 0.163924 0.179846 0.194361 0.207404 0.218922 0.228882 0.237283 0.244180 0.000000 
0.000000 0.021047 0.041911 0.062411 0.082375 0.101646 0.120076 0.137536 0.153912 0.169103 0.183020 0.195580 0.206704 0.216315 0.224350 0.230810 0.235849 
0.000000 0.019725 0.039289 0.058535 0.077312 0.095480 0.112907 0.129478 0.145086 0.159635 0.173035 0.185192 0.195999 0.205323 0.212995 0.218860 0.222993 
0.000000 0.018564 0.036986 0.055129 0.072860 0.090054 0.106597 0.122383 0.137319 0.151317 0.164293 0.176154 0.186780 0.195983 0.203445 0.208644 0.211069 
0.000000 0.017544 0.034963 0.052135 0.068944 0.085280 0.101043 0.116140 0.130490 0.144022 0.156667 0.168352 0.178982 0.188384 0.196159 0.201201 0.200000 
0.000000 0.016648 0.033186 0.049505 0.065502 0.081081 0.096154 0.110643 0.124481 0.137615 0.150000 0.161606 0.172414 0.182413 0.191606 0.200000 0.000000 
