0.000000 0.058621 0.116041 0.171141 0.222951 0.270701 0.313846 0.352071 0.385269 0.413514 0.437018 0.456098 0.471132 0.482533 0.490722 0.496109 0.499083 
0.000000 0.052308 0.103659 0.153153 0.200000 0.243553 0.283333 0.319035 0.350515 0.377778 0.400943 0.420225 0.435897 0.448276 0.457692 0.464481 0.468966 
0.000000 0.046961 0.093151 0.137838 0.180371 0.220207 0.256927 0.290244 0.320000 0.346154 0.368764 0.387967 0.403960 0.416981 0.427289 0.435154 0.440843 
0.000000 0.042394 0.084158 0.124694 0.163462 0.200000 0.233945 0.265033 0.293103 0.318087 0.340000 0.358925 0.375000 0.388401 0.399329 0.408000 0.414634 
0.000000 0.038462 0.076404 0.113333 0.148796 0.182403 0.213836 0.242857 0.269307 0.293103 0.314233 0.332740 0.348718 0.362295 0.373626 0.382883 0.390244 
0.000000 0.035052 0.069672 0.103448 0.136000 0.166994 0.196154 0.223265 0.248175 0.270796 0.291096 0.309091 0.324841 0.338438 0.350000 0.359661 0.367568 
0.000000 0.032075 0.063790 0.094796 0.124771 0.153430 0.180531 0.205882 0.229342 0.250820 0.270270 0.287692 0.303120 0.316619 0.328276 0.338196 0.346497 
0.000000 0.029463 0.058621 0.087179 0.114865 0.141431 0.166667 0.190400 0.212500 0.232877 0.251479 0.268293 0.283333 0.296644 0.308290 0.318352 0.326923 
0.000000 0.027157 0.054054 0.080442 0.106084 0.130769 0.154312 0.176558 0.197388 0.216714 0.234483 0.250670 0.265280 0.278338 0.289890 0.300000 0.308740 
0.000000 0.025111 0.050000 0.074453 0.098266 0.121255 0.143258 0.164138 0.183784 0.202114 0.219072 0.234630 0.248780 0.261538 0.272936 0.283019 0.291845 
0.000000 0.023288 0.046385 0.069106 0.091275 0.112732 0.133333 0.152956 0.171501 0.188889 0.205066 0.220000 0.233677 0.246102 0.257297 0.267296 0.276142 
0.000000 0.021656 0.043147 0.064313 0.085000 0.105068 0.124390 0.142857 0.160377 0.176879 0.192308 0.206630 0.219828 0.231899 0.242857 0.252725 0.261538 
0.000000 0.020190 0.040237 0.060000 0.079347 0.098152 0.116306 0.133708 0.150276 0.165944 0.180659 0.194387 0.207107 0.218812 0.229508 0.239212 0.247949 
0.000000 0.018868 0.037611 0.056106 0.074236 0.091892 0.108974 0.125395 0.141079 0.155963 0.170000 0.183154 0.195402 0.206735 0.217153 0.226667 0.235294 
0.000000 0.017672 0.035233 0.052577 0.069601 0.086207 0.102307 0.117822 0.132683 0.146833 0.160226 0.172828 0.184615 0.195575 0.205704 0.215008 0.223500 
0.000000 0.016585 0.033074 0.049371 0.065385 0.081030 0.096226 0.110904 0.125000 0.138462 0.151246 0.163319 0.174658 0.185247 0.195082 0.204163 0.212500 
0.000000 0.015596 0.031107 0.046448 0.061538 0.076302 0.090667 0.104569 0.117953 0.130769 0.142977 0.154545 0.165450 0.175676 0.185214 0.194064 0.202230 
