0.000000 0.058621 0.116041 0.171141 0.222951 0.270701 0.313846 0.352071 0.385269 0.413514 0.437018 0.456098 0.471132 0.482533 0.490722 0.496109 0.499083 
0.000000 0.052324 0.103690 0.153196 0.200051 0.243608 0.283389 0.319088 0.350563 0.377819 0.400977 0.420251 0.435916 0.448288 0.457699 0.464483 0.468966 
0.000000 0.046986 0.093197 0.137903 0.180450 0.220293 0.257015 0.290329 0.320078 0.346222 0.368821 0.388012 0.403994 0.417004 0.427303 0.435160 0.440843 
0.000000 0.042422 0.084211 0.124769 0.163552 0.200100 0.234048 0.265135 0.293198 0.318172 0.340072 0.358984 0.375045 0.388433 0.399349 0.408009 0.414634 
0.000000 0.038489 0.076458 0.113409 0.148889 0.182507 0.213945 0.242964 0.269409 0.293196 0.314313 0.332807 0.348770 0.362333 0.373651 0.382895 0.390244 
0.000000 0.035078 0.069724 0.103521 0.136089 0.167095 0.196260 0.223371 0.248277 0.270890 0.291179 0.309161 0.324896 0.338479 0.350027 0.359675 0.367568 
0.000000 0.032100 0.063837 0.094863 0.124854 0.153524 0.180631 0.205984 0.229440 0.250911 0.270351 0.287762 0.303177 0.316661 0.328304 0.338211 0.346497 
0.000000 0.029485 0.058663 0.087240 0.114940 0.141516 0.166758 0.190493 0.212591 0.232962 0.251556 0.268359 0.283388 0.296686 0.308318 0.318366 0.326923 
0.000000 0.027176 0.054091 0.080495 0.106150 0.130845 0.154393 0.176642 0.197470 0.216792 0.234553 0.250732 0.265331 0.278377 0.289917 0.300014 0.308740 
0.000000 0.025127 0.050032 0.074498 0.098323 0.121321 0.143330 0.164212 0.183857 0.202183 0.219136 0.234686 0.248827 0.261575 0.272961 0.283032 0.291845 
0.000000 0.023302 0.046412 0.069145 0.091324 0.112788 0.133394 0.153020 0.171564 0.188949 0.205122 0.220049 0.233718 0.246135 0.257320 0.267307 0.276142 
0.000000 0.021668 0.043170 0.064345 0.085040 0.105115 0.124441 0.142910 0.160430 0.176930 0.192355 0.206672 0.219863 0.231927 0.242877 0.252736 0.261538 
0.000000 0.020199 0.040255 0.060026 0.079379 0.098190 0.116347 0.133751 0.150319 0.165985 0.180698 0.194421 0.207136 0.218835 0.229525 0.239221 0.247949 
0.000000 0.018875 0.037624 0.056125 0.074260 0.091920 0.109006 0.125428 0.141112 0.155995 0.170030 0.183181 0.195425 0.206754 0.217166 0.226674 0.235294 
0.000000 0.017676 0.035242 0.052591 0.069617 0.086226 0.102328 0.117844 0.132706 0.146855 0.160247 0.172847 0.184631 0.195588 0.205714 0.215013 0.223500 
0.000000 0.016588 0.033079 0.049378 0.065393 0.081040 0.096237 0.110916 0.125012 0.138473 0.151256 0.163329 0.174666 0.185254 0.195087 0.204166 0.212500 
0.000000 0.015596 0.031107 0.046448 0.061538 0.076302 0.090667 0.104569 0.117953 0.130769 0.142977 0.154545 0.165450 0.175676 0.185214 0.194064 0.202230 
