0.400000 0.392074 0.384307 0.376712 0.369298 0.362069 0.355030 0.348181 0.341522 0.335052 0.328767 0.322665 0.316742 0.310993 0.305414 0.300000 0.294746 
0.000000 0.192685 0.264455 0.294351 0.307388 0.312535 0.313435 0.311735 0.308222 9.999999 9.999999 9.999999 9.999999 9.999999 9.999999 9.999999 0.096113 
0.000000 0.114211 0.186477 0.228850 0.253369 0.267247 0.274441 0.277102 0.276383 9.999999 9.999999 9.999999 9.999999 9.999999 9.999999 9.999999 0.092440 
0.000000 0.077681 0.138394 0.181202 0.209991 0.228643 0.239982 0.245849 0.247365 9.999999 9.999999 9.999999 9.999999 9.999999 9.999999 9.999999 0.088968 
0.000000 0.058121 0.108214 0.147575 0.176751 0.197353 0.210994 0.218948 0.222099 9.999999 9.999999 9.999999 9.999999 9.999999 9.999999 9.999999 0.085682 
0.000000 0.046588 0.088767 0.124132 0.152086 0.173025 0.187696 0.196851 0.201104 9.999999 9.999999 9.999999 9.999999 9.999999 9.999999 9.999999 0.082569 
0.000000 0.039462 0.076137 0.108100 0.134436 0.154966 0.169914 0.179659 0.184589 9.999999 9.999999 9.999999 9.999999 9.999999 9.999999 9.999999 0.079618 
0.000000 0.035125 0.068218 0.097697 0.122594 0.142490 0.157335 0.167285 0.172573 9.999999 9.999999 9.999999 9.999999 9.999999 9.999999 9.999999 0.076818 
0.000000 0.032821 0.063915 0.091874 0.115755 0.135066 0.149654 0.159573 0.164983 9.999999 9.999999 9.999999 9.999999 9.999999 9.999999 9.999999 0.074160 
0.000000 9.999999 9.999999 9.999999 9.999999 9.999999 9.999999 9.999999 9.999999 0.162840 0.159910 0.153083 0.142540 0.128551 0.111558 0.092256 0.071633 
0.000000 9.999999 9.999999 9.999999 9.999999 9.999999 9.999999 9.999999 9.999999 0.163666 0.160697 0.153856 0.143227 0.128955 0.111360 0.091088 0.069231 
0.000000 9.999999 9.999999 9.999999 9.999999 9.999999 9.999999 9.999999 9.999999 0.168460 0.165357 0.158418 0.147558 0.132682 0.113839 0.091507 0.066944 
0.000000 9.999999 9.999999 9.999999 9.999999 9.999999 9.999999 9.999999 9.999999 0.177089 0.173855 0.166903 0.155907 0.140376 0.119808 0.094156 0.064767 
0.000000 9.999999 9.999999 9.999999 9.999999 9.999999 9.999999 9.999999 9.999999 0.189310 0.186071 0.179432 0.168792 0.153106 0.130863 0.100542 0.062692 
0.000000 9.999999 9.999999 9.999999 9.999999 9.999999 9.999999 9.999999 9.999999 0.204681 0.201689 0.195963 0.186723 0.172396 0.149994 0.114457 0.060712 
0.000000 9.999999 9.999999 9.999999 9.999999 9.999999 9.999999 9.999999 9.999999 0.222472 0.220042 0.216007 0.209744 0.199758 0.182263 0.146578 0.058824 
0.250000 0.249866 0.249480 0.248869 0.248054 0.247059 0.245902 0.244601 0.243174 0.241636 0.240000 0.238280 0.236486 0.234631 0.232722 0.230769 0.228780 
