4.345754 4.367777 4.263319 4.141495 3.980615 3.740085 3.324560 2.454461 0.308740 0.291845 0.276142 0.261538 0.247949 0.235294 0.223500 0.212500 0.202230 
4.319758 4.463002 4.556221 4.617279 4.650255 4.662169 4.681757 4.834970 5.709245 2.531475 1.611603 1.164540 0.895721 0.697506 0.525138 0.359406 0.194064 
4.305518 4.608252 4.881283 5.121147 5.340955 5.576582 5.905328 6.494416 7.693272 3.371232 2.474253 1.889297 1.472891 1.133869 0.820142 0.505920 0.185214 
4.295031 4.783207 5.239514 5.645072 6.015837 6.397875 6.868558 7.544096 8.569427 3.771200 3.024883 2.445504 1.972678 1.544936 1.115642 0.658918 0.175676 
4.269054 4.990030 5.648496 6.203792 6.679447 7.130524 7.626935 8.243982 9.040341 4.001631 3.408577 2.895159 2.427380 1.957556 1.438574 0.838434 0.165450 
4.186319 5.259364 6.160650 6.842152 7.367638 7.817838 8.264675 8.764557 9.347956 4.155015 3.712638 3.299174 2.884129 2.419336 1.842661 1.090796 0.154545 
3.931858 5.700459 6.892588 7.636527 8.131115 8.508517 8.849372 9.201615 9.586926 4.270418 3.987786 3.704771 3.390628 2.992997 2.421941 1.527544 0.142977 
3.098929 6.718026 8.072717 8.680255 9.011778 9.235744 9.422680 9.605607 9.798133 4.367777 4.263320 4.141496 3.980616 3.740086 3.324561 2.454461 0.130769 
0.385269 3.308638 4.067099 4.277704 4.329647 4.332659 4.325954 4.327710 4.345755 9.799365 9.589164 9.350749 9.042839 8.569469 7.683720 5.663223 0.117953 
0.352071 1.980953 2.897061 3.385708 3.666634 3.855949 4.012543 4.164761 4.319759 9.608296 9.206543 8.770996 8.251137 7.551320 6.502187 4.851221 2.531475 
0.313846 1.366044 2.154483 2.701435 3.095231 3.411964 3.703508 3.999034 4.305519 9.427280 8.857714 8.275556 7.639394 6.882485 5.922489 4.707999 3.371231 
0.270701 1.014894 1.653391 2.170320 2.600891 2.993168 3.390492 3.822348 4.295032 9.243110 8.521478 7.834119 7.148399 6.416739 5.597287 4.687054 3.771199 
0.222951 0.769442 1.273869 1.725562 2.144848 2.569327 3.042945 3.604837 4.269054 9.023684 8.150968 7.391046 6.703343 6.038785 5.362866 4.671731 4.001630 
0.171141 0.566053 0.947080 1.313213 1.683613 2.096346 2.607126 3.285002 4.186320 8.700660 7.667666 6.875755 6.235141 5.672195 5.143662 4.635375 4.155014 
0.116041 0.376550 0.635185 0.896597 1.180048 1.525317 2.004211 2.741726 3.931858 8.111292 6.943280 6.209168 5.689273 5.271192 4.904213 4.571094 4.270417 
0.058621 0.188921 0.320512 0.457943 0.614664 0.820664 1.142677 1.745833 3.098929 6.801230 5.784993 5.328364 5.041593 4.819087 4.630906 4.474372 4.367777 
0.000000 0.000000 0.000000 0.000000 0.000000 0.000000 0.000000 0.000000 0.000000 3.308638 0.000000 0.000000 0.000000 0.000000 0.000000 0.000000 0.000000 
